00000000001000001000001010110011
01000000000000010000001100110011
00000000010000011111001110110011
00000000010000011110010000110011
00000001101100001011010010000011
00000000001100001011011000100011
01000000010000011000010100110011
00000000010001010000010110110011
01000000101000001000010110110011
00000000000001011000011000110011
00000000000000011011011010000011
00000000000001101000011100110011
00000000011000010000101001100011
00000000001100010000011110110011
00000000001100010000011110110011
00000000001100010000011110110011
00000000001100010000011110110011
00000000001100010000011110110011
00000000001100010000011110110011
00000000001100010000011110110011
00000000001100010000011110110011
00000000001100010000011110110011
00000000010000011000100000110011
00000000111101101000101001100011
00000000111001101000100010110011
00000000111001101000000000110011
01000000111001101000011010110011
00000000000000000000000000000000
00000000000000000000000000000000
00000000000000000000000000000000
00000000000000000000000000000000
00000000000000000000000000000000
00000000000000000000000000000000
00000000000000000000000000000000
00000000000000000000000000000000
00000000000000000000000000000000
00000000000000000000000000000000
00000000000000000000000000000000
00000000000000000000000000000000
00000000000000000000000000000000
00000000000000000000000000000000
00000000000000000000000000000000
00000000000000000000000000000000
00000000000000000000000000000000
00000000000000000000000000000000
00000000000000000000000000000000
00000000000000000000000000000000
00000000000000000000000000000000
00000000000000000000000000000000
00000000000000000000000000000000
00000000000000000000000000000000
00000000000000000000000000000000
00000000000000000000000000000000
00000000000000000000000000000000
00000000000000000000000000000000
00000000000000000000000000000000
00000000000000000000000000000000
00000000000000000000000000000000
00000000000000000000000000000000
00000000000000000000000000000000
00000000000000000000000000000000
00000000000000000000000000000000
00000000000000000000000000000000
00000000000000000000000000000000